44532,
44835,
44836,
44837,
44838,
44839,
44840,
44841,
44842,
44843,
44844,
44845,
44846,
44847,
44848,
44849,
44850,
44851,
44852,
44853,
44855,
44855,
44856,
44857,
44858,
44859,
44860,
44861,
44862,
44863,
44864,
44865,
44866,
44867,
44868,
44869,
44870,
44871,
44872,
44873,
44874,
44875,
44876,
44877,
44878,
44879,
44880,
44881,
44882,
44882,
44883,
44884,
44885,
44886,
44887,
44888,
44889,
44890,
44891,
44892,
44893,
44894,
45039,
45040,
45546,
45559,
45595,
45667,
45668,
45669,
45670,
45671,
45672,
45673,
45674,
45675,
45676,
45677,
46260,
46261,
46262,
46263,
46264,
46265,
46266,
46267,
46268,
46269,
46270,
46271,
46272,
46273,
46274,
46275,
46276,
46277,
46278,
46279,
46394,
46426,
46641,
46672,
46683,
46685,
46688,
46689,
46689,
46690,
46740,
46750,
46751,
46752,
46753,
46787,
46788,
46789,
46883,
46884,
46929,
46930,
46931,
46932,
46933,
46934,
46935,
46936,
46937,
46938,
46951,
46952,
46953,
46954,
46955,
46973,
46974,
46975,
46979,
46985,
46989,
46990,
46991,
46992,
46993,
46994,
46995,
46996,
46997,
46998,
47013,
47014,
47038,
47052,
47055,
47056,
47057,
47058,
47059,
47060,
47061,
47062,
47063,
47087,
47088,
47140,
47146,
47147,
47148,
47172,
47173,
47175,
47176,
47177,
47178,
47229,